371.019745	1.698055	0
372.609924	1.697399	0
374.200104	1.696751	0
375.790283	1.696111	0
377.380493	1.695479	0
378.970703	1.694855	0
380.560944	1.694239	0
382.151184	1.693631	0
383.741425	1.69303	0
385.331665	1.692437	0
386.921936	1.691851	0
388.512207	1.691272	0
390.102478	1.6907	0
391.69278	1.690135	0
393.283081	1.689577	0
394.873352	1.689026	0
396.463684	1.688482	0
398.053986	1.687943	0
399.644318	1.687412	0
401.234619	1.686886	0
402.824951	1.686367	0
404.415283	1.685854	0
406.005615	1.685347	0
407.595947	1.684846	0
409.186279	1.68435	0
410.776611	1.683861	0
412.366943	1.683377	0
413.957275	1.682898	0
415.547668	1.682425	0
417.138	1.681958	0
418.728333	1.681496	0
420.318665	1.681039	0
421.908997	1.680587	0
423.499329	1.68014	0
425.089661	1.679699	0
426.679993	1.679262	0
428.270325	1.67883	0
429.860657	1.678403	0
431.450989	1.67798	0
433.041321	1.677563	0
434.631653	1.677149	0
436.221924	1.676741	0
437.812195	1.676337	0
439.402527	1.675937	0
440.992828	1.675541	0
442.583099	1.67515	0
444.173401	1.674763	0
445.763672	1.67438	0
447.353912	1.674001	0
448.944153	1.673626	0
450.534424	1.673255	0
452.124664	1.672888	0
453.714844	1.672525	0
455.305084	1.672166	0
456.895264	1.67181	0
458.485504	1.671459	0
460.075623	1.67111	0
461.665833	1.670766	0
463.255951	1.670425	0
464.84613	1.670087	0
466.436218	1.669753	0
468.026367	1.669422	0
469.616455	1.669095	0
471.206543	1.668771	0
472.796631	1.66845	0
474.386658	1.668132	0
475.976715	1.667818	0
477.566742	1.667507	0
479.156738	1.667199	0
480.746735	1.666893	0
482.336731	1.666591	0
483.926666	1.666292	0
485.516602	1.665996	0
487.106537	1.665703	0
488.696442	1.665412	0
490.286285	1.665125	0
491.87616	1.66484	0
493.465973	1.664558	0
495.055817	1.664279	0
496.645599	1.664002	0
498.235352	1.663728	0
499.825104	1.663457	0
501.414856	1.663188	0
503.004547	1.662922	0
504.594238	1.662658	0
506.183899	1.662397	0
507.773499	1.662138	0
509.363098	1.661881	0
510.952698	1.661627	0
512.542236	1.661376	0
514.131714	1.661126	0
515.721252	1.660879	0
517.31073	1.660635	0
518.900208	1.660392	0
520.489624	1.660152	0
522.078979	1.659914	0
523.668335	1.659678	0
525.25769	1.659444	0
526.846985	1.659213	0
528.436218	1.658983	0
530.025513	1.658756	0
531.614685	1.65853	0
533.203857	1.658307	0
534.79303	1.658086	0
536.382141	1.657866	0
537.971191	1.657649	0
539.560242	1.657433	0
541.149292	1.65722	0
542.73822	1.657008	0
544.327209	1.656798	0
545.916077	1.65659	0
547.505005	1.656384	0
549.093811	1.656179	0
550.682617	1.655976	0
552.271362	1.655775	0
553.860107	1.655576	0
555.448792	1.655379	0
557.037476	1.655183	0
558.626038	1.654989	0
560.2146	1.654796	0
561.803162	1.654605	0
563.391663	1.654416	0
564.980103	1.654228	0
566.568481	1.654042	0
568.15686	1.653858	0
569.745239	1.653675	0
571.333496	1.653493	0
572.921753	1.653313	0
574.509949	1.653135	0
576.098145	1.652958	0
577.686218	1.652783	0
579.274292	1.652609	0
580.862366	1.652436	0
582.450317	1.652265	0
584.038269	1.652095	0
585.62616	1.651927	0
587.213989	1.65176	0
588.801819	1.651594	0
590.389526	1.651429	0
591.977295	1.651266	0
593.564941	1.651105	0
595.152527	1.650944	0
596.740112	1.650785	0
598.327637	1.650627	0
599.9151	1.650471	0
601.502502	1.650315	0
603.089844	1.650161	0
604.677185	1.650008	0
606.264465	1.649857	0
607.851685	1.649706	0
609.438843	1.649557	0
611.02594	1.649409	0
612.612976	1.649262	0
614.199951	1.649116	0
615.786926	1.648971	0
617.373779	1.648827	0
618.960632	1.648685	0
620.547424	1.648543	0
622.134155	1.648403	0
623.720825	1.648264	0
625.307434	1.648126	0
626.893982	1.647988	0
628.480469	1.647852	0
630.066956	1.647717	0
631.65332	1.647583	0
633.239624	1.64745	0
634.825867	1.647318	0
636.412109	1.647187	0
637.99823	1.647057	0
639.584351	1.646928	0
641.170349	1.6468	0
642.756348	1.646673	0
644.342224	1.646546	0
645.928101	1.646421	0
647.513855	1.646297	0
649.099548	1.646173	0
650.685181	1.646051	0
652.270813	1.645929	0
653.856323	1.645808	0
655.441772	1.645689	0
657.027222	1.645569	0
658.612549	1.645451	0
660.197815	1.645334	0
661.78302	1.645218	0
663.368103	1.645102	0
664.953247	1.644987	0
666.538208	1.644873	0
668.123169	1.64476	0
669.708008	1.644648	0
671.292786	1.644536	0
672.877563	1.644426	0
674.462158	1.644315	0
676.046753	1.644206	0
677.631226	1.644098	0
679.215698	1.64399	0
680.80011	1.643883	0
682.384399	1.643777	0
683.968628	1.643672	0
685.552795	1.643567	0
687.136841	1.643463	0
688.720886	1.64336	0
690.30481	1.643257	0
691.888672	1.643156	0
693.472473	1.643055	0
695.056213	1.642954	0
696.639832	1.642854	0
698.223389	1.642755	0
699.806885	1.642657	0
701.390259	1.642559	0
702.973633	1.642462	0
704.556885	1.642366	0
706.140015	1.64227	0
707.723145	1.642175	0
709.306213	1.642081	0
710.889099	1.641987	0
712.471985	1.641894	0
714.05481	1.641801	0
715.637451	1.641709	0
717.220093	1.641618	0
718.802612	1.641527	0
720.385132	1.641437	0
721.967468	1.641348	0
723.549744	1.641259	0
725.131958	1.641171	0
726.714111	1.641083	0
728.296143	1.640996	0
729.878113	1.640909	0
731.459961	1.640823	0
733.041809	1.640738	0
734.623474	1.640653	0
736.205078	1.640568	0
737.786621	1.640484	0
739.368042	1.640401	0
740.949402	1.640319	0
742.530701	1.640236	0
744.111938	1.640155	0
745.692993	1.640073	0
747.273987	1.639993	0
748.854919	1.639913	0
750.43573	1.639833	0
752.016479	1.639754	0
753.597107	1.639675	0
755.177673	1.639597	0
756.758179	1.63952	0
758.338501	1.639443	0
759.918823	1.639366	0
761.498962	1.63929	0
763.079102	1.639214	0
764.659058	1.639139	0
766.239014	1.639064	0
767.818787	1.63899	0
769.39856	1.638916	0
770.978149	1.638843	0
772.557739	1.63877	0
774.137085	1.638697	0
775.716431	1.638625	0
777.295715	1.638554	0
778.874878	1.638483	0
780.453918	1.638412	0
782.032837	1.638342	0
783.611694	1.638272	0
785.19043	1.638203	0
786.769104	1.638134	0
788.347656	1.638065	0
789.926147	1.637997	0
791.504456	1.637929	0
793.082703	1.637862	0
794.660889	1.637795	0
796.238892	1.637728	0
797.816833	1.637662	0
799.394714	1.637597	0
800.972473	1.637531	0
802.55011	1.637466	0
804.127625	1.637402	0
805.705017	1.637338	0
807.282349	1.637274	0
808.859619	1.63721	0
810.436707	1.637147	0
812.013733	1.637085	0
813.590637	1.637022	0
815.167419	1.63696	0
816.744141	1.636899	0
818.320679	1.636838	0
819.897156	1.636777	0
821.473511	1.636716	0
823.049805	1.636656	0
824.625977	1.636596	0
826.201965	1.636537	0
827.777954	1.636478	0
829.353699	1.636419	0
830.929504	1.636361	0
832.505066	1.636302	0
834.080566	1.636245	0
835.655945	1.636187	0
837.23114	1.63613	0
838.806335	1.636073	0
840.381348	1.636017	0
841.956238	1.635961	0
843.531067	1.635905	0
845.105774	1.635849	0
846.680359	1.635794	0
848.254761	1.635739	0
849.829224	1.635685	0
851.403442	1.63563	0
852.977539	1.635577	0
854.551575	1.635523	0
856.125366	1.63547	0
857.699097	1.635417	0
859.272827	1.635364	0
860.846375	1.635311	0
862.419739	1.635259	0
863.993042	1.635207	0
865.566223	1.635156	0
867.139282	1.635104	0
868.712219	1.635053	0
870.284973	1.635002	0
871.857727	1.634952	0
873.430298	1.634902	0
875.002625	1.634852	0
876.575012	1.634802	0
878.147156	1.634753	0
879.719238	1.634704	0
881.291199	1.634655	0
882.863098	1.634606	0
884.434753	1.634558	0
886.006348	1.63451	0
887.577759	1.634462	0
889.149109	1.634415	0
890.720337	1.634367	0
892.291382	1.63432	0
893.862305	1.634273	0
895.433105	1.634227	0
897.003784	1.634181	0
898.574402	1.634135	0
900.144836	1.634089	0
901.715149	1.634043	0
903.285278	1.633998	0
904.855347	1.633953	0
906.425171	1.633908	0
907.994995	1.633863	0
909.564636	1.633819	0
911.134155	1.633775	0
912.703613	1.633731	0
914.272827	1.633687	0
915.84198	1.633644	0
917.41095	1.633601	0
918.979797	1.633558	0
920.548523	1.633515	0
922.117065	1.633472	0
923.685547	1.63343	0
925.253906	1.633388	0
926.822083	1.633346	0
928.390137	1.633304	0
929.958008	1.633263	0
931.525757	1.633222	0
933.093445	1.63318	0
934.66095	1.63314	0
936.228333	1.633099	0
937.795532	1.633059	0
939.36261	1.633018	0
940.929504	1.632978	0
942.496277	1.632939	0
944.062988	1.632899	0
945.629517	1.63286	0
947.195923	1.63282	0
948.762085	1.632781	0
950.328247	1.632743	0
951.894165	1.632704	0
953.459961	1.632666	0
955.025696	1.632627	0
956.591187	1.632589	0
958.156555	1.632551	0
959.721802	1.632514	0
961.286926	1.632476	0
962.851868	1.632439	0
964.416687	1.632402	0
965.981323	1.632365	0
967.545776	1.632328	0
969.110168	1.632292	0
970.674438	1.632255	0
972.238464	1.632219	0
973.802429	1.632183	0
975.366211	1.632147	0
976.92981	1.632112	0
978.493286	1.632076	0
980.056641	1.632041	0
981.619812	1.632006	0
983.1828	1.631971	0
984.745728	1.631936	0
986.308411	1.631901	0
987.870972	1.631867	0
989.433411	1.631833	0
990.995728	1.631798	0
992.5578	1.631764	0
994.119812	1.631731	0
995.681641	1.631697	0
997.243286	1.631664	0
998.80481	1.63163	0
1011.88562	1.631357	0
1015.277466	1.631288	0
1018.669617	1.63122	0
1022.062195	1.631152	0
1025.455078	1.631085	0
1028.848389	1.631018	0
1032.241943	1.630952	0
1035.635864	1.630887	0
1039.030029	1.630823	0
1042.424805	1.630759	0
1045.819702	1.630696	0
1049.215088	1.630633	0
1052.61084	1.630571	0
1056.006836	1.630509	0
1059.403198	1.630449	0
1062.800049	1.630388	0
1066.197144	1.630329	0
1069.594482	1.630269	0
1072.992432	1.630211	0
1076.390503	1.630153	0
1079.789063	1.630095	0
1083.187866	1.630038	0
1086.587158	1.629982	0
1089.986694	1.629926	0
1093.386597	1.62987	0
1096.786865	1.629815	0
1100.1875	1.629761	0
1103.588501	1.629707	0
1106.989746	1.629653	0
1110.391357	1.629601	0
1113.793457	1.629548	0
1117.195801	1.629496	0
1120.598511	1.629444	0
1124.001587	1.629393	0
1127.405029	1.629343	0
1130.808838	1.629293	0
1134.212891	1.629243	0
1137.61731	1.629194	0
1141.022217	1.629145	0
1144.427246	1.629096	0
1147.832764	1.629048	0
1151.238647	1.629001	0
1154.644775	1.628954	0
1158.051392	1.628907	0
1161.458252	1.628861	0
1164.865479	1.628815	0
1168.273193	1.628769	0
1171.68103	1.628724	0
1175.089355	1.628679	0
1178.498047	1.628635	0
1181.906982	1.628591	0
1185.316284	1.628547	0
1188.725952	1.628504	0
1192.135986	1.628461	0
1195.546387	1.628419	0
1198.957153	1.628376	0
1202.368286	1.628335	0
1205.779663	1.628293	0
1209.191406	1.628252	0
1212.603516	1.628211	0
1216.015991	1.628171	0
1219.428833	1.628131	0
1222.841919	1.628091	0
1226.255493	1.628052	0
1229.669189	1.628012	0
1233.083496	1.627974	0
1236.498047	1.627935	0
1239.912842	1.627897	0
1243.328125	1.627859	0
1246.743652	1.627822	0
1250.159546	1.627784	0
1253.575928	1.627747	0
1256.992432	1.627711	0
1260.409424	1.627674	0
1263.826782	1.627638	0
1267.244385	1.627603	0
1270.662354	1.627567	0
1274.080688	1.627532	0
1277.49939	1.627497	0
1280.918335	1.627462	0
1284.337769	1.627428	0
1287.757568	1.627394	0
1291.17749	1.62736	0
1294.5979	1.627326	0
1298.018677	1.627293	0
1301.439697	1.62726	0
1304.861206	1.627227	0
1308.282959	1.627195	0
1311.705078	1.627162	0
1315.127563	1.62713	0
1318.550415	1.627099	0
1321.973511	1.627067	0
1325.396973	1.627036	0
1328.820801	1.627005	0
1332.244995	1.626974	0
1335.669556	1.626943	0
1339.094482	1.626913	0
1342.519653	1.626883	0
1345.945068	1.626853	0
1349.370972	1.626823	0
1352.797241	1.626794	0
1356.223877	1.626764	0
1359.650757	1.626735	0
1363.078003	1.626706	0
1366.505615	1.626678	0
1369.933594	1.626649	0
1373.361816	1.626621	0
1376.790405	1.626593	0
1380.219482	1.626566	0
1383.648682	1.626538	0
1387.078369	1.626511	0
1390.508423	1.626483	0
1393.938721	1.626456	0
1397.369385	1.62643	0
1400.800415	1.626403	0
1404.231689	1.626377	0
1407.663452	1.626351	0
1411.095459	1.626325	0
1414.527832	1.626299	0
1417.960571	1.626273	0
1421.393677	1.626248	0
1424.827026	1.626222	0
1428.260742	1.626197	0
1431.694824	1.626172	0
1435.12915	1.626148	0
1438.563965	1.626123	0
1441.999023	1.626099	0
1445.434448	1.626074	0
1448.870239	1.62605	0
1452.306396	1.626027	0
1455.742798	1.626003	0
1459.179565	1.625979	0
1462.616699	1.625956	0
1466.054199	1.625933	0
1469.491943	1.62591	0
1472.930176	1.625887	0
1476.368652	1.625864	0
1479.807373	1.625841	0
1483.246582	1.625819	0
1486.686035	1.625797	0
1490.125854	1.625775	0
1493.566162	1.625752	0
1497.006592	1.625731	0
1500.44751	1.625709	0
1503.88855	1.625687	0
1507.330078	1.625666	0
1510.771973	1.625645	0
1514.214111	1.625624	0
1517.656616	1.625603	0
1521.099487	1.625582	0
1524.542725	1.625561	0
1527.986328	1.625541	0
1531.430176	1.62552	0
1534.87439	1.6255	0
1538.31897	1.62548	0
1541.763794	1.62546	0
1545.208984	1.62544	0
1548.654541	1.62542	0
1552.100464	1.625401	0
1555.546631	1.625381	0
1558.993286	1.625362	0
1562.440186	1.625342	0
1565.887451	1.625323	0
1569.334961	1.625304	0
1572.782959	1.625286	0
1576.231201	1.625267	0
1579.679688	1.625248	0
1583.128662	1.62523	0
1586.577881	1.625211	0
1590.027466	1.625193	0
1593.477295	1.625175	0
1596.92749	1.625157	0
1600.378174	1.625139	0
1603.829102	1.625121	0
1607.280273	1.625103	0
1610.731934	1.625086	0
1614.183838	1.625068	0
1617.635986	1.625051	0
1621.088623	1.625034	0
1624.541626	1.625017	0
1627.994873	1.625	0
1631.448486	1.624983	0
1634.902344	1.624966	0
1638.356567	1.624949	0
1641.811157	1.624933	0
1645.265991	1.624916	0
1648.721313	1.6249	0
1652.177002	1.624883	0
1655.632813	1.624867	0
1659.089111	1.624851	0
1662.545654	1.624835	0
1666.002563	1.624819	0
1669.459717	1.624803	0
1672.917358	1.624788	0
1676.375244	1.624772	0
1679.833374	1.624756	0
1683.291992	1.624741	0
1686.750977	1.624726	0
