371.019745	4.309124	2.501052
372.609924	4.292623	2.513033
374.200104	4.284896	2.519403
375.790283	4.283107	2.521755
377.380493	4.285496	2.52111
378.970703	4.290908	2.51815
380.560944	4.298556	2.51335
382.151184	4.307884	2.507049
383.741425	4.318486	2.4995
385.331665	4.33006	2.490894
386.921936	4.342378	2.481378
388.512207	4.355259	2.471068
390.102478	4.368563	2.460057
391.69278	4.382177	2.448422
393.283081	4.396008	2.436227
394.873352	4.409983	2.423523
396.463684	4.424037	2.410357
398.053986	4.438118	2.396767
399.644318	4.452183	2.382788
401.234619	4.466192	2.36845
402.824951	4.480116	2.35378
404.415283	4.493924	2.338803
406.005615	4.507594	2.32354
407.595947	4.521104	2.308012
409.186279	4.534436	2.292239
410.776611	4.547575	2.276237
412.366943	4.560505	2.260022
413.957275	4.573216	2.243611
415.547668	4.585697	2.227017
417.138	4.597938	2.210256
418.728333	4.609931	2.19334
420.318665	4.621669	2.176282
421.908997	4.633146	2.159094
423.499329	4.644358	2.141788
425.089661	4.655299	2.124375
426.679993	4.665966	2.106866
428.270325	4.676356	2.089272
429.860657	4.686467	2.071602
431.450989	4.696297	2.053867
433.041321	4.705844	2.036076
434.631653	4.715109	2.018238
436.221924	4.724089	2.000363
437.812195	4.732786	1.982458
439.402527	4.7412	1.964533
440.992828	4.749331	1.946595
442.583099	4.757181	1.928653
444.173401	4.764752	1.910714
445.763672	4.772044	1.892784
447.353912	4.779059	1.874873
448.944153	4.785801	1.856986
450.534424	4.792272	1.839128
452.124664	4.798473	1.821309
453.714844	4.804408	1.803534
455.305084	4.81008	1.785807
456.895264	4.815492	1.768136
458.485504	4.820647	1.750524
460.075623	4.82555	1.732979
461.665833	4.830203	1.715505
463.255951	4.834609	1.698106
464.84613	4.838774	1.680786
466.436218	4.8427	1.663552
468.026367	4.846393	1.646407
469.616455	4.849855	1.629354
471.206543	4.853092	1.612398
472.796631	4.856106	1.595541
474.386658	4.858902	1.578788
475.976715	4.861486	1.562142
477.566742	4.86386	1.545606
479.156738	4.866029	1.529182
480.746735	4.867997	1.512874
482.336731	4.86977	1.496683
483.926666	4.87135	1.480612
485.516602	4.872742	1.464664
487.106537	4.873951	1.44884
488.696442	4.874981	1.433142
490.286285	4.875836	1.417573
491.87616	4.876521	1.402132
493.465973	4.877038	1.386823
495.055817	4.877394	1.371646
496.645599	4.877592	1.356603
498.235352	4.877636	1.341694
499.825104	4.87753	1.326921
501.414856	4.877277	1.312284
503.004547	4.876884	1.297784
504.594238	4.876352	1.283422
506.183899	4.875686	1.269198
507.773499	4.874889	1.255113
509.363098	4.873966	1.241167
510.952698	4.87292	1.227359
512.542236	4.871755	1.213691
514.131714	4.870475	1.200162
515.721252	4.869082	1.186773
517.31073	4.867581	1.173522
518.900208	4.865974	1.160411
520.489624	4.864266	1.147438
522.078979	4.862459	1.134604
523.668335	4.860557	1.121907
525.25769	4.858563	1.109349
526.846985	4.856479	1.096927
528.436218	4.85431	1.084643
530.025513	4.852057	1.072493
531.614685	4.849725	1.060479
533.203857	4.847315	1.0486
534.79303	4.84483	1.036855
536.382141	4.842273	1.025242
537.971191	4.839648	1.013762
539.560242	4.836956	1.002414
541.149292	4.834199	0.991196
542.73822	4.831381	0.980107
544.327209	4.828505	0.969147
545.916077	4.825571	0.958315
547.505005	4.822582	0.94761
549.093811	4.819541	0.93703
550.682617	4.816451	0.926575
552.271362	4.813312	0.916243
553.860107	4.810128	0.906034
555.448792	4.806899	0.895947
557.037476	4.803629	0.885979
558.626038	4.800319	0.876132
560.2146	4.79697	0.866402
561.803162	4.793585	0.856789
563.391663	4.790166	0.847292
564.980103	4.786714	0.837909
566.568481	4.78323	0.82864
568.15686	4.779717	0.819484
569.745239	4.776177	0.810438
571.333496	4.772609	0.801503
572.921753	4.769017	0.792676
574.509949	4.765401	0.783957
576.098145	4.761763	0.775344
577.686218	4.758105	0.766837
579.274292	4.754426	0.758434
580.862366	4.750731	0.750133
582.450317	4.747017	0.741935
584.038269	4.743288	0.733837
585.62616	4.739545	0.725839
587.213989	4.735788	0.717938
588.801819	4.732019	0.710135
590.389526	4.728239	0.702428
591.977295	4.724448	0.694816
593.564941	4.720648	0.687297
595.152527	4.71684	0.679871
596.740112	4.713025	0.672536
598.327637	4.709203	0.665292
599.9151	4.705375	0.658137
601.502502	4.701543	0.65107
603.089844	4.697707	0.64409
604.677185	4.693868	0.637195
606.264465	4.690027	0.630386
607.851685	4.686184	0.623661
609.438843	4.68234	0.617018
611.02594	4.678496	0.610457
612.612976	4.674653	0.603976
614.199951	4.670811	0.597575
615.786926	4.66697	0.591253
617.373779	4.663132	0.585008
618.960632	4.659297	0.578839
620.547424	4.655466	0.572747
622.134155	4.651638	0.566729
623.720825	4.647815	0.560784
625.307434	4.643997	0.554912
626.893982	4.640185	0.549112
628.480469	4.636379	0.543383
630.066956	4.632578	0.537723
631.65332	4.628786	0.532133
633.239624	4.625	0.52661
634.825867	4.621222	0.521155
636.412109	4.617452	0.515766
637.99823	4.613691	0.510442
639.584351	4.609939	0.505183
641.170349	4.606195	0.499988
642.756348	4.602461	0.494855
644.342224	4.598737	0.489784
645.928101	4.595023	0.484775
647.513855	4.59132	0.479825
649.099548	4.587626	0.474936
650.685181	4.583945	0.470105
652.270813	4.580274	0.465332
653.856323	4.576614	0.460616
655.441772	4.572967	0.455957
657.027222	4.569331	0.451353
658.612549	4.565707	0.446804
660.197815	4.562096	0.44231
661.78302	4.558496	0.437869
663.368103	4.55491	0.43348
664.953247	4.551336	0.429144
666.538208	4.547776	0.424859
668.123169	4.544229	0.420625
669.708008	4.540694	0.416441
671.292786	4.537174	0.412306
672.877563	4.533667	0.40822
674.462158	4.530173	0.404182
676.046753	4.526693	0.400192
677.631226	4.523228	0.396248
679.215698	4.519776	0.39235
680.80011	4.516338	0.388498
682.384399	4.512915	0.384691
683.968628	4.509506	0.380928
685.552795	4.506111	0.377209
687.136841	4.502731	0.373533
688.720886	4.499365	0.3699
690.30481	4.496014	0.366308
691.888672	4.492678	0.362758
693.472473	4.489356	0.359249
695.056213	4.486049	0.355781
696.639832	4.482757	0.352352
698.223389	4.479479	0.348963
699.806885	4.476217	0.345612
701.390259	4.47297	0.3423
702.973633	4.469737	0.339025
704.556885	4.466519	0.335788
706.140015	4.463316	0.332588
707.723145	4.460128	0.329424
709.306213	4.456955	0.326296
710.889099	4.453798	0.323203
712.471985	4.450655	0.320145
714.05481	4.447527	0.317121
715.637451	4.444415	0.314132
717.220093	4.441317	0.311176
718.802612	4.438234	0.308253
720.385132	4.435166	0.305363
721.967468	4.432113	0.302505
723.549744	4.429075	0.299679
725.131958	4.426053	0.296885
726.714111	4.423045	0.294122
728.296143	4.420052	0.291389
729.878113	4.417073	0.288686
731.459961	4.41411	0.286013
733.041809	4.411162	0.28337
734.623474	4.408228	0.280756
736.205078	4.40531	0.278171
737.786621	4.402405	0.275614
739.368042	4.399516	0.273084
740.949402	4.396641	0.270583
742.530701	4.393781	0.268109
744.111938	4.390935	0.265661
745.692993	4.388105	0.263241
747.273987	4.385288	0.260846
748.854919	4.382486	0.258478
750.43573	4.379699	0.256135
752.016479	4.376926	0.253817
753.597107	4.374167	0.251525
755.177673	4.371423	0.249257
756.758179	4.368692	0.247013
758.338501	4.365976	0.244793
759.918823	4.363274	0.242597
761.498962	4.360587	0.240425
763.079102	4.357913	0.238275
764.659058	4.355253	0.236149
766.239014	4.352607	0.234044
767.818787	4.349975	0.231963
769.39856	4.347357	0.229903
770.978149	4.344752	0.227865
772.557739	4.342161	0.225848
774.137085	4.339584	0.223853
775.716431	4.337021	0.221878
777.295715	4.334471	0.219925
778.874878	4.331934	0.217991
780.453918	4.329411	0.216078
782.032837	4.326901	0.214185
783.611694	4.324405	0.212311
785.19043	4.321921	0.210457
786.769104	4.319451	0.208622
788.347656	4.316994	0.206806
789.926147	4.31455	0.205009
791.504456	4.312119	0.20323
793.082703	4.3097	0.201469
794.660889	4.307295	0.199727
796.238892	4.304903	0.198002
797.816833	4.302523	0.196295
799.394714	4.300156	0.194606
800.972473	4.297801	0.192934
802.55011	4.295459	0.191278
804.127625	4.29313	0.18964
805.705017	4.290812	0.188018
807.282349	4.288508	0.186412
808.859619	4.286215	0.184823
810.436707	4.283935	0.18325
812.013733	4.281667	0.181692
813.590637	4.27941	0.18015
815.167419	4.277166	0.178624
816.744141	4.274934	0.177113
818.320679	4.272714	0.175617
819.897156	4.270506	0.174136
821.473511	4.268309	0.172669
823.049805	4.266124	0.171217
824.625977	4.26395	0.16978
826.201965	4.261789	0.168357
827.777954	4.259638	0.166948
829.353699	4.2575	0.165552
830.929504	4.255372	0.164171
832.505066	4.253256	0.162803
834.080566	4.251151	0.161448
835.655945	4.249057	0.160107
837.23114	4.246974	0.158779
838.806335	4.244903	0.157464
840.381348	4.242842	0.156161
841.956238	4.240792	0.154872
843.531067	4.238754	0.153595
845.105774	4.236726	0.15233
846.680359	4.234708	0.151077
848.254761	4.232702	0.149837
849.829224	4.230706	0.148608
851.403442	4.22872	0.147391
852.977539	4.226745	0.146186
854.551575	4.224781	0.144993
856.125366	4.222826	0.143811
857.699097	4.220883	0.14264
859.272827	4.218949	0.14148
860.846375	4.217026	0.140332
862.419739	4.215112	0.139194
863.993042	4.213209	0.138067
865.566223	4.211316	0.136951
867.139282	4.209433	0.135846
868.712219	4.20756	0.134751
870.284973	4.205696	0.133666
871.857727	4.203842	0.132591
873.430298	4.201998	0.131527
875.002625	4.200164	0.130472
876.575012	4.198339	0.129427
878.147156	4.196524	0.128393
879.719238	4.194718	0.127367
881.291199	4.192921	0.126352
882.863098	4.191134	0.125345
884.434753	4.189357	0.124348
886.006348	4.187588	0.123361
887.577759	4.185829	0.122382
889.149109	4.184079	0.121413
890.720337	4.182338	0.120452
892.291382	4.180606	0.119501
893.862305	4.178883	0.118558
895.433105	4.177169	0.117624
897.003784	4.175464	0.116698
898.574402	4.173768	0.115781
900.144836	4.17208	0.114872
901.715149	4.170401	0.113971
903.285278	4.168731	0.113079
904.855347	4.167069	0.112195
906.425171	4.165416	0.111318
907.994995	4.163771	0.11045
909.564636	4.162135	0.10959
911.134155	4.160507	0.108737
912.703613	4.158888	0.107892
914.272827	4.157277	0.107055
915.84198	4.155674	0.106225
917.41095	4.154079	0.105402
918.979797	4.152493	0.104587
920.548523	4.150914	0.10378
922.117065	4.149343	0.102979
923.685547	4.147781	0.102186
925.253906	4.146226	0.101399
926.822083	4.14468	0.10062
928.390137	4.143141	0.099848
929.958008	4.14161	0.099082
931.525757	4.140087	0.098324
933.093445	4.138571	0.097571
934.66095	4.137064	0.096826
936.228333	4.135563	0.096087
937.795532	4.13407	0.095355
939.36261	4.132586	0.094629
940.929504	4.131108	0.093909
942.496277	4.129637	0.093196
944.062988	4.128174	0.092489
945.629517	4.126719	0.091788
947.195923	4.12527	0.091093
948.762085	4.123829	0.090405
950.328247	4.122396	0.089722
951.894165	4.120969	0.089045
953.459961	4.119549	0.088374
955.025696	4.118136	0.087709
956.591187	4.116731	0.08705
958.156555	4.115333	0.086396
959.721802	4.113941	0.085748
961.286926	4.112556	0.085106
962.851868	4.111178	0.084469
964.416687	4.109807	0.083837
965.981323	4.108443	0.083211
967.545776	4.107085	0.08259
969.110168	4.105734	0.081975
970.674438	4.10439	0.081365
972.238464	4.103052	0.08076
973.802429	4.101721	0.08016
975.366211	4.100397	0.079565
976.92981	4.099079	0.078976
978.493286	4.097767	0.078391
980.056641	4.096462	0.077811
981.619812	4.095163	0.077236
983.1828	4.09387	0.076666
984.745728	4.092584	0.076101
986.308411	4.091304	0.07554
987.870972	4.09003	0.074985
989.433411	4.088762	0.074433
990.995728	4.087501	0.073887
992.5578	4.086246	0.073345
994.119812	4.084996	0.072808
995.681641	4.083753	0.072275
997.243286	4.082515	0.071746
998.80481	4.081284	0.071222
1011.88562	4.071193	0.066996
1015.277466	4.06864	0.065947
1018.669617	4.066113	0.064916
1022.062195	4.063611	0.063903
1025.455078	4.061133	0.062907
1028.848389	4.058681	0.061929
1032.241943	4.056252	0.060967
1035.635864	4.053847	0.060022
1039.030029	4.051466	0.059093
1042.424805	4.049108	0.05818
1045.819702	4.046772	0.057282
1049.215088	4.04446	0.0564
1052.61084	4.04217	0.055532
1056.006836	4.039902	0.054679
1059.403198	4.037656	0.053841
1062.800049	4.035431	0.053017
1066.197144	4.033228	0.052206
1069.594482	4.031046	0.051409
1072.992432	4.028885	0.050626
1076.390503	4.026744	0.049855
1079.789063	4.024623	0.049097
1083.187866	4.022523	0.048352
1086.587158	4.020442	0.047619
1089.986694	4.018382	0.046898
1093.386597	4.016339	0.046189
1096.786865	4.014317	0.045492
1100.1875	4.012313	0.044806
1103.588501	4.010328	0.044131
1106.989746	4.00836	0.043468
1110.391357	4.006412	0.042815
1113.793457	4.004481	0.042172
1117.195801	4.002568	0.04154
1120.598511	4.000672	0.040918
1124.001587	3.998794	0.040307
1127.405029	3.996933	0.039705
1130.808838	3.995089	0.039113
1134.212891	3.993261	0.03853
1137.61731	3.99145	0.037956
1141.022217	3.989655	0.037392
1144.427246	3.987876	0.036837
1147.832764	3.986114	0.03629
1151.238647	3.984367	0.035752
1154.644775	3.982635	0.035223
1158.051392	3.980919	0.034702
1161.458252	3.979218	0.034189
1164.865479	3.977532	0.033684
1168.273193	3.975861	0.033187
1171.68103	3.974205	0.032698
1175.089355	3.972563	0.032217
1178.498047	3.970935	0.031743
1181.906982	3.969321	0.031276
1185.316284	3.967722	0.030817
1188.725952	3.966136	0.030365
1192.135986	3.964564	0.02992
1195.546387	3.963005	0.029481
1198.957153	3.96146	0.02905
1202.368286	3.959928	0.028625
1205.779663	3.958409	0.028206
1209.191406	3.956903	0.027794
1212.603516	3.95541	0.027389
1216.015991	3.953929	0.026989
1219.428833	3.952461	0.026596
1222.841919	3.951005	0.026208
1226.255493	3.949561	0.025827
1229.669189	3.948129	0.025451
1233.083496	3.946709	0.025081
1236.498047	3.945301	0.024716
1239.912842	3.943905	0.024357
1243.328125	3.94252	0.024004
1246.743652	3.941147	0.023655
1250.159546	3.939784	0.023312
1253.575928	3.938433	0.022974
1256.992432	3.937093	0.022642
1260.409424	3.935764	0.022314
1263.826782	3.934445	0.021991
1267.244385	3.933138	0.021673
1270.662354	3.93184	0.021359
1274.080688	3.930554	0.02105
1277.49939	3.929277	0.020746
1280.918335	3.928011	0.020446
1284.337769	3.926754	0.020151
1287.757568	3.925508	0.01986
1291.17749	3.924272	0.019573
1294.5979	3.923045	0.019291
1298.018677	3.921828	0.019013
1301.439697	3.92062	0.018738
1304.861206	3.919422	0.018468
1308.282959	3.918234	0.018202
1311.705078	3.917054	0.01794
1315.127563	3.915884	0.017681
1318.550415	3.914722	0.017426
1321.973511	3.91357	0.017175
1325.396973	3.912426	0.016928
1328.820801	3.911292	0.016684
1332.244995	3.910166	0.016444
1335.669556	3.909048	0.016207
1339.094482	3.907939	0.015973
1342.519653	3.906838	0.015743
1345.945068	3.905746	0.015516
1349.370972	3.904662	0.015293
1352.797241	3.903586	0.015073
1356.223877	3.902518	0.014856
1359.650757	3.901458	0.014642
1363.078003	3.900406	0.014431
1366.505615	3.899362	0.014223
1369.933594	3.898325	0.014018
1373.361816	3.897296	0.013816
1376.790405	3.896275	0.013617
1380.219482	3.895261	0.013421
1383.648682	3.894254	0.013227
1387.078369	3.893255	0.013036
1390.508423	3.892263	0.012848
1393.938721	3.891278	0.012663
1397.369385	3.890301	0.01248
1400.800415	3.88933	0.0123
1404.231689	3.888366	0.012122
1407.663452	3.887409	0.011947
1411.095459	3.886459	0.011775
1414.527832	3.885516	0.011605
1417.960571	3.88458	0.011437
1421.393677	3.88365	0.011271
1424.827026	3.882726	0.011108
1428.260742	3.881809	0.010947
1431.694824	3.880899	0.010789
1435.12915	3.879995	0.010632
1438.563965	3.879097	0.010478
1441.999023	3.878205	0.010326
1445.434448	3.87732	0.010176
1448.870239	3.87644	0.010029
1452.306396	3.875567	0.009883
1455.742798	3.8747	0.009739
1459.179565	3.873838	0.009598
1462.616699	3.872983	0.009458
1466.054199	3.872133	0.00932
1469.491943	3.871289	0.009184
1472.930176	3.87045	0.00905
1476.368652	3.869618	0.008918
1479.807373	3.868791	0.008788
1483.246582	3.867969	0.00866
1486.686035	3.867153	0.008533
1490.125854	3.866343	0.008408
1493.566162	3.865537	0.008285
1497.006592	3.864737	0.008163
1500.44751	3.863942	0.008044
1503.88855	3.863153	0.007926
1507.330078	3.862369	0.007809
1510.771973	3.861589	0.007694
1514.214111	3.860815	0.007581
1517.656616	3.860046	0.007469
1521.099487	3.859282	0.007359
1524.542725	3.858523	0.00725
1527.986328	3.857768	0.007143
1531.430176	3.857019	0.007037
1534.87439	3.856274	0.006933
1538.31897	3.855534	0.00683
1541.763794	3.854799	0.006729
1545.208984	3.854068	0.006629
1548.654541	3.853342	0.00653
1552.100464	3.852621	0.006433
1555.546631	3.851904	0.006337
1558.993286	3.851191	0.006242
1562.440186	3.850483	0.006149
1565.887451	3.849779	0.006057
1569.334961	3.84908	0.005966
1572.782959	3.848385	0.005877
1576.231201	3.847694	0.005788
1579.679688	3.847008	0.005701
1583.128662	3.846325	0.005615
1586.577881	3.845647	0.005531
1590.027466	3.844973	0.005447
1593.477295	3.844303	0.005365
1596.92749	3.843637	0.005283
1600.378174	3.842975	0.005203
1603.829102	3.842317	0.005124
1607.280273	3.841663	0.005046
1610.731934	3.841013	0.004969
1614.183838	3.840367	0.004893
1617.635986	3.839725	0.004819
1621.088623	3.839086	0.004745
1624.541626	3.838451	0.004672
1627.994873	3.83782	0.0046
1631.448486	3.837192	0.004529
1634.902344	3.836568	0.00446
1638.356567	3.835948	0.004391
1641.811157	3.835331	0.004323
1645.265991	3.834718	0.004256
1648.721313	3.834109	0.00419
1652.177002	3.833503	0.004124
1655.632813	3.8329	0.00406
1659.089111	3.832301	0.003997
1662.545654	3.831705	0.003934
1666.002563	3.831113	0.003873
1669.459717	3.830523	0.003812
1672.917358	3.829938	0.003752
1676.375244	3.829355	0.003693
1679.833374	3.828776	0.003634
1683.291992	3.8282	0.003577
1686.750977	3.827627	0.00352
