371.019745	2.141385	0
372.609924	2.140191	0
374.200104	2.139013	0
375.790283	2.13785	0
377.380493	2.136701	0
378.970703	2.135567	0
380.560944	2.134447	0
382.151184	2.133341	0
383.741425	2.132248	0
385.331665	2.13117	0
386.921936	2.130104	0
388.512207	2.129051	0
390.102478	2.128012	0
391.69278	2.126984	0
393.283081	2.12597	0
394.873352	2.124967	0
396.463684	2.123977	0
398.053986	2.122998	0
399.644318	2.122031	0
401.234619	2.121076	0
402.824951	2.120132	0
404.415283	2.119199	0
406.005615	2.118277	0
407.595947	2.117365	0
409.186279	2.116465	0
410.776611	2.115575	0
412.366943	2.114695	0
413.957275	2.113825	0
415.547668	2.112965	0
417.138	2.112115	0
418.728333	2.111274	0
420.318665	2.110443	0
421.908997	2.109622	0
423.499329	2.108809	0
425.089661	2.108006	0
426.679993	2.107212	0
428.270325	2.106427	0
429.860657	2.10565	0
431.450989	2.104882	0
433.041321	2.104122	0
434.631653	2.103371	0
436.221924	2.102628	0
437.812195	2.101893	0
439.402527	2.101166	0
440.992828	2.100446	0
442.583099	2.099735	0
444.173401	2.099031	0
445.763672	2.098335	0
447.353912	2.097646	0
448.944153	2.096964	0
450.534424	2.09629	0
452.124664	2.095623	0
453.714844	2.094963	0
455.305084	2.094309	0
456.895264	2.093663	0
458.485504	2.093023	0
460.075623	2.09239	0
461.665833	2.091763	0
463.255951	2.091143	0
464.84613	2.090529	0
466.436218	2.089921	0
468.026367	2.08932	0
469.616455	2.088725	0
471.206543	2.088135	0
472.796631	2.087552	0
474.386658	2.086974	0
475.976715	2.086403	0
477.566742	2.085837	0
479.156738	2.085277	0
480.746735	2.084722	0
482.336731	2.084172	0
483.926666	2.083629	0
485.516602	2.08309	0
487.106537	2.082557	0
488.696442	2.082029	0
490.286285	2.081506	0
491.87616	2.080988	0
493.465973	2.080475	0
495.055817	2.079967	0
496.645599	2.079464	0
498.235352	2.078966	0
499.825104	2.078472	0
501.414856	2.077983	0
503.004547	2.077499	0
504.594238	2.07702	0
506.183899	2.076545	0
507.773499	2.076074	0
509.363098	2.075608	0
510.952698	2.075146	0
512.542236	2.074688	0
514.131714	2.074235	0
515.721252	2.073786	0
517.31073	2.073341	0
518.900208	2.0729	0
520.489624	2.072463	0
522.078979	2.072031	0
523.668335	2.071602	0
525.25769	2.071177	0
526.846985	2.070755	0
528.436218	2.070338	0
530.025513	2.069925	0
531.614685	2.069515	0
533.203857	2.069108	0
534.79303	2.068706	0
536.382141	2.068307	0
537.971191	2.067911	0
539.560242	2.067519	0
541.149292	2.067131	0
542.73822	2.066746	0
544.327209	2.066364	0
545.916077	2.065986	0
547.505005	2.065611	0
549.093811	2.065239	0
550.682617	2.06487	0
552.271362	2.064505	0
553.860107	2.064142	0
555.448792	2.063783	0
557.037476	2.063427	0
558.626038	2.063074	0
560.2146	2.062724	0
561.803162	2.062377	0
563.391663	2.062033	0
564.980103	2.061692	0
566.568481	2.061353	0
568.15686	2.061018	0
569.745239	2.060685	0
571.333496	2.060355	0
572.921753	2.060028	0
574.509949	2.059704	0
576.098145	2.059382	0
577.686218	2.059063	0
579.274292	2.058746	0
580.862366	2.058432	0
582.450317	2.058121	0
584.038269	2.057812	0
585.62616	2.057506	0
587.213989	2.057202	0
588.801819	2.056901	0
590.389526	2.056602	0
591.977295	2.056306	0
593.564941	2.056012	0
595.152527	2.05572	0
596.740112	2.055431	0
598.327637	2.055144	0
599.9151	2.054859	0
601.502502	2.054576	0
603.089844	2.054296	0
604.677185	2.054018	0
606.264465	2.053742	0
607.851685	2.053468	0
609.438843	2.053197	0
611.02594	2.052927	0
612.612976	2.05266	0
614.199951	2.052395	0
615.786926	2.052132	0
617.373779	2.051871	0
618.960632	2.051611	0
620.547424	2.051354	0
622.134155	2.051099	0
623.720825	2.050846	0
625.307434	2.050595	0
626.893982	2.050345	0
628.480469	2.050098	0
630.066956	2.049852	0
631.65332	2.049608	0
633.239624	2.049366	0
634.825867	2.049126	0
636.412109	2.048888	0
637.99823	2.048652	0
639.584351	2.048417	0
641.170349	2.048184	0
642.756348	2.047953	0
644.342224	2.047723	0
645.928101	2.047495	0
647.513855	2.047269	0
649.099548	2.047045	0
650.685181	2.046822	0
652.270813	2.046601	0
653.856323	2.046381	0
655.441772	2.046163	0
657.027222	2.045947	0
658.612549	2.045732	0
660.197815	2.045518	0
661.78302	2.045307	0
663.368103	2.045097	0
664.953247	2.044888	0
666.538208	2.044681	0
668.123169	2.044475	0
669.708008	2.044271	0
671.292786	2.044068	0
672.877563	2.043866	0
674.462158	2.043666	0
676.046753	2.043468	0
677.631226	2.043271	0
679.215698	2.043075	0
680.80011	2.042881	0
682.384399	2.042688	0
683.968628	2.042496	0
685.552795	2.042306	0
687.136841	2.042117	0
688.720886	2.041929	0
690.30481	2.041743	0
691.888672	2.041558	0
693.472473	2.041374	0
695.056213	2.041191	0
696.639832	2.04101	0
698.223389	2.04083	0
699.806885	2.040651	0
701.390259	2.040473	0
702.973633	2.040297	0
704.556885	2.040122	0
706.140015	2.039948	0
707.723145	2.039775	0
709.306213	2.039603	0
710.889099	2.039433	0
712.471985	2.039263	0
714.05481	2.039095	0
715.637451	2.038928	0
717.220093	2.038762	0
718.802612	2.038597	0
720.385132	2.038433	0
721.967468	2.03827	0
723.549744	2.038108	0
725.131958	2.037948	0
726.714111	2.037788	0
728.296143	2.03763	0
729.878113	2.037472	0
731.459961	2.037316	0
733.041809	2.03716	0
734.623474	2.037006	0
736.205078	2.036853	0
737.786621	2.0367	0
739.368042	2.036549	0
740.949402	2.036398	0
742.530701	2.036249	0
744.111938	2.0361	0
745.692993	2.035953	0
747.273987	2.035806	0
748.854919	2.035661	0
750.43573	2.035516	0
752.016479	2.035372	0
753.597107	2.035229	0
755.177673	2.035087	0
756.758179	2.034946	0
758.338501	2.034806	0
759.918823	2.034666	0
761.498962	2.034528	0
763.079102	2.03439	0
764.659058	2.034253	0
766.239014	2.034117	0
767.818787	2.033983	0
769.39856	2.033848	0
770.978149	2.033715	0
772.557739	2.033582	0
774.137085	2.033451	0
775.716431	2.033319	0
777.295715	2.03319	0
778.874878	2.03306	0
780.453918	2.032932	0
782.032837	2.032804	0
783.611694	2.032677	0
785.19043	2.032551	0
786.769104	2.032425	0
788.347656	2.032301	0
789.926147	2.032177	0
791.504456	2.032054	0
793.082703	2.031931	0
794.660889	2.03181	0
796.238892	2.031689	0
797.816833	2.031568	0
799.394714	2.031449	0
800.972473	2.03133	0
802.55011	2.031212	0
804.127625	2.031095	0
805.705017	2.030978	0
807.282349	2.030862	0
808.859619	2.030746	0
810.436707	2.030632	0
812.013733	2.030518	0
813.590637	2.030405	0
815.167419	2.030292	0
816.744141	2.03018	0
818.320679	2.030069	0
819.897156	2.029958	0
821.473511	2.029848	0
823.049805	2.029739	0
824.625977	2.02963	0
826.201965	2.029522	0
827.777954	2.029414	0
829.353699	2.029308	0
830.929504	2.029201	0
832.505066	2.029096	0
834.080566	2.028991	0
835.655945	2.028886	0
837.23114	2.028782	0
838.806335	2.028679	0
840.381348	2.028576	0
841.956238	2.028474	0
843.531067	2.028373	0
845.105774	2.028272	0
846.680359	2.028172	0
848.254761	2.028072	0
849.829224	2.027973	0
851.403442	2.027874	0
852.977539	2.027776	0
854.551575	2.027678	0
856.125366	2.027581	0
857.699097	2.027485	0
859.272827	2.027389	0
860.846375	2.027293	0
862.419739	2.027198	0
863.993042	2.027104	0
865.566223	2.02701	0
867.139282	2.026917	0
868.712219	2.026824	0
870.284973	2.026732	0
871.857727	2.02664	0
873.430298	2.026549	0
875.002625	2.026458	0
876.575012	2.026368	0
878.147156	2.026278	0
879.719238	2.026189	0
881.291199	2.0261	0
882.863098	2.026011	0
884.434753	2.025923	0
886.006348	2.025836	0
887.577759	2.025749	0
889.149109	2.025663	0
890.720337	2.025577	0
892.291382	2.025491	0
893.862305	2.025406	0
895.433105	2.025321	0
897.003784	2.025237	0
898.574402	2.025154	0
900.144836	2.02507	0
901.715149	2.024987	0
903.285278	2.024905	0
904.855347	2.024823	0
906.425171	2.024742	0
907.994995	2.02466	0
909.564636	2.02458	0
911.134155	2.024499	0
912.703613	2.02442	0
914.272827	2.02434	0
915.84198	2.024261	0
917.41095	2.024183	0
918.979797	2.024105	0
920.548523	2.024027	0
922.117065	2.023949	0
923.685547	2.023872	0
925.253906	2.023796	0
926.822083	2.02372	0
928.390137	2.023644	0
929.958008	2.023568	0
931.525757	2.023494	0
933.093445	2.023419	0
934.66095	2.023345	0
936.228333	2.023271	0
937.795532	2.023197	0
939.36261	2.023124	0
940.929504	2.023051	0
942.496277	2.022979	0
944.062988	2.022907	0
945.629517	2.022835	0
947.195923	2.022764	0
948.762085	2.022693	0
950.328247	2.022623	0
951.894165	2.022552	0
953.459961	2.022482	0
955.025696	2.022413	0
956.591187	2.022344	0
958.156555	2.022275	0
959.721802	2.022207	0
961.286926	2.022138	0
962.851868	2.022071	0
964.416687	2.022003	0
965.981323	2.021936	0
967.545776	2.021869	0
969.110168	2.021803	0
970.674438	2.021737	0
972.238464	2.021671	0
973.802429	2.021605	0
975.366211	2.02154	0
976.92981	2.021475	0
978.493286	2.021411	0
980.056641	2.021347	0
981.619812	2.021283	0
983.1828	2.021219	0
984.745728	2.021156	0
986.308411	2.021093	0
987.870972	2.02103	0
989.433411	2.020968	0
990.995728	2.020906	0
992.5578	2.020844	0
994.119812	2.020782	0
995.681641	2.020721	0
997.243286	2.02066	0
998.80481	2.0206	0
1011.88562	2.020103	0
1015.277466	2.019978	0
1018.669617	2.019853	0
1022.062195	2.01973	0
1025.455078	2.019608	0
1028.848389	2.019487	0
1032.241943	2.019367	0
1035.635864	2.019249	0
1039.030029	2.019132	0
1042.424805	2.019016	0
1045.819702	2.0189	0
1049.215088	2.018786	0
1052.61084	2.018674	0
1056.006836	2.018562	0
1059.403198	2.018451	0
1062.800049	2.018341	0
1066.197144	2.018233	0
1069.594482	2.018125	0
1072.992432	2.018018	0
1076.390503	2.017913	0
1079.789063	2.017808	0
1083.187866	2.017705	0
1086.587158	2.017602	0
1089.986694	2.0175	0
1093.386597	2.0174	0
1096.786865	2.0173	0
1100.1875	2.0172	0
1103.588501	2.017102	0
1106.989746	2.017005	0
1110.391357	2.016909	0
1113.793457	2.016814	0
1117.195801	2.016719	0
1120.598511	2.016625	0
1124.001587	2.016532	0
1127.405029	2.01644	0
1130.808838	2.016349	0
1134.212891	2.016259	0
1137.61731	2.016169	0
1141.022217	2.01608	0
1144.427246	2.015992	0
1147.832764	2.015905	0
1151.238647	2.015819	0
1154.644775	2.015733	0
1158.051392	2.015648	0
1161.458252	2.015564	0
1164.865479	2.01548	0
1168.273193	2.015397	0
1171.68103	2.015315	0
1175.089355	2.015234	0
1178.498047	2.015153	0
1181.906982	2.015073	0
1185.316284	2.014994	0
1188.725952	2.014915	0
1192.135986	2.014837	0
1195.546387	2.01476	0
1198.957153	2.014683	0
1202.368286	2.014607	0
1205.779663	2.014532	0
1209.191406	2.014457	0
1212.603516	2.014383	0
1216.015991	2.014309	0
1219.428833	2.014236	0
1222.841919	2.014164	0
1226.255493	2.014092	0
1229.669189	2.014021	0
1233.083496	2.013951	0
1236.498047	2.013881	0
1239.912842	2.013811	0
1243.328125	2.013742	0
1246.743652	2.013674	0
1250.159546	2.013607	0
1253.575928	2.013539	0
1256.992432	2.013473	0
1260.409424	2.013407	0
1263.826782	2.013341	0
1267.244385	2.013276	0
1270.662354	2.013211	0
1274.080688	2.013148	0
1277.49939	2.013084	0
1280.918335	2.013021	0
1284.337769	2.012959	0
1287.757568	2.012897	0
1291.17749	2.012835	0
1294.5979	2.012774	0
1298.018677	2.012713	0
1301.439697	2.012653	0
1304.861206	2.012594	0
1308.282959	2.012534	0
1311.705078	2.012476	0
1315.127563	2.012417	0
1318.550415	2.01236	0
1321.973511	2.012302	0
1325.396973	2.012245	0
1328.820801	2.012189	0
1332.244995	2.012133	0
1335.669556	2.012077	0
1339.094482	2.012022	0
1342.519653	2.011967	0
1345.945068	2.011913	0
1349.370972	2.011859	0
1352.797241	2.011805	0
1356.223877	2.011752	0
1359.650757	2.011699	0
1363.078003	2.011647	0
1366.505615	2.011595	0
1369.933594	2.011543	0
1373.361816	2.011492	0
1376.790405	2.011441	0
1380.219482	2.01139	0
1383.648682	2.01134	0
1387.078369	2.01129	0
1390.508423	2.011241	0
1393.938721	2.011192	0
1397.369385	2.011143	0
1400.800415	2.011095	0
1404.231689	2.011047	0
1407.663452	2.010999	0
1411.095459	2.010952	0
1414.527832	2.010905	0
1417.960571	2.010859	0
1421.393677	2.010812	0
1424.827026	2.010766	0
1428.260742	2.01072	0
1431.694824	2.010675	0
1435.12915	2.01063	0
1438.563965	2.010586	0
1441.999023	2.010541	0
1445.434448	2.010497	0
1448.870239	2.010453	0
1452.306396	2.01041	0
1455.742798	2.010367	0
1459.179565	2.010324	0
1462.616699	2.010282	0
1466.054199	2.010239	0
1469.491943	2.010197	0
1472.930176	2.010156	0
1476.368652	2.010114	0
1479.807373	2.010073	0
1483.246582	2.010033	0
1486.686035	2.009992	0
1490.125854	2.009952	0
1493.566162	2.009912	0
1497.006592	2.009872	0
1500.44751	2.009833	0
1503.88855	2.009794	0
1507.330078	2.009755	0
1510.771973	2.009716	0
1514.214111	2.009678	0
1517.656616	2.00964	0
1521.099487	2.009602	0
1524.542725	2.009564	0
1527.986328	2.009527	0
1531.430176	2.00949	0
1534.87439	2.009453	0
1538.31897	2.009416	0
1541.763794	2.00938	0
1545.208984	2.009343	0
1548.654541	2.009308	0
1552.100464	2.009272	0
1555.546631	2.009237	0
1558.993286	2.009201	0
1562.440186	2.009166	0
1565.887451	2.009132	0
1569.334961	2.009097	0
1572.782959	2.009063	0
1576.231201	2.009029	0
1579.679688	2.008995	0
1583.128662	2.008961	0
1586.577881	2.008928	0
1590.027466	2.008895	0
1593.477295	2.008862	0
1596.92749	2.008829	0
1600.378174	2.008796	0
1603.829102	2.008764	0
1607.280273	2.008732	0
1610.731934	2.0087	0
1614.183838	2.008668	0
1617.635986	2.008636	0
1621.088623	2.008605	0
1624.541626	2.008574	0
1627.994873	2.008543	0
1631.448486	2.008512	0
1634.902344	2.008482	0
1638.356567	2.008451	0
1641.811157	2.008421	0
1645.265991	2.008391	0
1648.721313	2.008361	0
1652.177002	2.008331	0
1655.632813	2.008302	0
1659.089111	2.008273	0
1662.545654	2.008244	0
1666.002563	2.008214	0
1669.459717	2.008186	0
1672.917358	2.008157	0
1676.375244	2.008129	0
1679.833374	2.008101	0
1683.291992	2.008073	0
1686.750977	2.008045	0
