371.019745	1.481608	0
372.609924	1.481402	0
374.200104	1.481198	0
375.790283	1.480998	0
377.380493	1.480799	0
378.970703	1.480603	0
380.560944	1.48041	0
382.151184	1.480219	0
383.741425	1.48003	0
385.331665	1.479844	0
386.921936	1.47966	0
388.512207	1.479478	0
390.102478	1.479299	0
391.69278	1.479122	0
393.283081	1.478946	0
394.873352	1.478773	0
396.463684	1.478602	0
398.053986	1.478433	0
399.644318	1.478266	0
401.234619	1.478101	0
402.824951	1.477938	0
404.415283	1.477777	0
406.005615	1.477618	0
407.595947	1.477461	0
409.186279	1.477305	0
410.776611	1.477152	0
412.366943	1.477	0
413.957275	1.476849	0
415.547668	1.476701	0
417.138	1.476554	0
418.728333	1.476409	0
420.318665	1.476266	0
421.908997	1.476124	0
423.499329	1.475984	0
425.089661	1.475845	0
426.679993	1.475708	0
428.270325	1.475572	0
429.860657	1.475438	0
431.450989	1.475305	0
433.041321	1.475174	0
434.631653	1.475044	0
436.221924	1.474916	0
437.812195	1.474789	0
439.402527	1.474664	0
440.992828	1.47454	0
442.583099	1.474417	0
444.173401	1.474295	0
445.763672	1.474175	0
447.353912	1.474056	0
448.944153	1.473938	0
450.534424	1.473822	0
452.124664	1.473707	0
453.714844	1.473593	0
455.305084	1.47348	0
456.895264	1.473368	0
458.485504	1.473258	0
460.075623	1.473148	0
461.665833	1.47304	0
463.255951	1.472933	0
464.84613	1.472827	0
466.436218	1.472722	0
468.026367	1.472618	0
469.616455	1.472516	0
471.206543	1.472414	0
472.796631	1.472313	0
474.386658	1.472213	0
475.976715	1.472115	0
477.566742	1.472017	0
479.156738	1.47192	0
480.746735	1.471824	0
482.336731	1.47173	0
483.926666	1.471636	0
485.516602	1.471543	0
487.106537	1.471451	0
488.696442	1.471359	0
490.286285	1.471269	0
491.87616	1.47118	0
493.465973	1.471091	0
495.055817	1.471003	0
496.645599	1.470917	0
498.235352	1.470831	0
499.825104	1.470745	0
501.414856	1.470661	0
503.004547	1.470577	0
504.594238	1.470495	0
506.183899	1.470413	0
507.773499	1.470331	0
509.363098	1.470251	0
510.952698	1.470171	0
512.542236	1.470092	0
514.131714	1.470014	0
515.721252	1.469936	0
517.31073	1.469859	0
518.900208	1.469783	0
520.489624	1.469708	0
522.078979	1.469633	0
523.668335	1.469559	0
525.25769	1.469486	0
526.846985	1.469413	0
528.436218	1.469341	0
530.025513	1.46927	0
531.614685	1.469199	0
533.203857	1.469129	0
534.79303	1.469059	0
536.382141	1.46899	0
537.971191	1.468922	0
539.560242	1.468854	0
541.149292	1.468787	0
542.73822	1.468721	0
544.327209	1.468655	0
545.916077	1.468589	0
547.505005	1.468525	0
549.093811	1.46846	0
550.682617	1.468397	0
552.271362	1.468334	0
553.860107	1.468271	0
555.448792	1.468209	0
557.037476	1.468148	0
558.626038	1.468087	0
560.2146	1.468026	0
561.803162	1.467966	0
563.391663	1.467907	0
564.980103	1.467848	0
566.568481	1.46779	0
568.15686	1.467732	0
569.745239	1.467674	0
571.333496	1.467617	0
572.921753	1.467561	0
574.509949	1.467505	0
576.098145	1.467449	0
577.686218	1.467394	0
579.274292	1.46734	0
580.862366	1.467285	0
582.450317	1.467232	0
584.038269	1.467178	0
585.62616	1.467125	0
587.213989	1.467073	0
588.801819	1.467021	0
590.389526	1.466969	0
591.977295	1.466918	0
593.564941	1.466867	0
595.152527	1.466817	0
596.740112	1.466767	0
598.327637	1.466717	0
599.9151	1.466668	0
601.502502	1.466619	0
603.089844	1.466571	0
604.677185	1.466523	0
606.264465	1.466475	0
607.851685	1.466428	0
609.438843	1.466381	0
611.02594	1.466335	0
612.612976	1.466289	0
614.199951	1.466243	0
615.786926	1.466197	0
617.373779	1.466152	0
618.960632	1.466108	0
620.547424	1.466063	0
622.134155	1.466019	0
623.720825	1.465975	0
625.307434	1.465932	0
626.893982	1.465889	0
628.480469	1.465846	0
630.066956	1.465804	0
631.65332	1.465762	0
633.239624	1.46572	0
634.825867	1.465678	0
636.412109	1.465637	0
637.99823	1.465597	0
639.584351	1.465556	0
641.170349	1.465516	0
642.756348	1.465476	0
644.342224	1.465436	0
645.928101	1.465397	0
647.513855	1.465358	0
649.099548	1.465319	0
650.685181	1.465281	0
652.270813	1.465242	0
653.856323	1.465204	0
655.441772	1.465167	0
657.027222	1.465129	0
658.612549	1.465092	0
660.197815	1.465056	0
661.78302	1.465019	0
663.368103	1.464983	0
664.953247	1.464947	0
666.538208	1.464911	0
668.123169	1.464875	0
669.708008	1.46484	0
671.292786	1.464805	0
672.877563	1.46477	0
674.462158	1.464736	0
676.046753	1.464702	0
677.631226	1.464667	0
679.215698	1.464634	0
680.80011	1.4646	0
682.384399	1.464567	0
683.968628	1.464534	0
685.552795	1.464501	0
687.136841	1.464468	0
688.720886	1.464436	0
690.30481	1.464404	0
691.888672	1.464372	0
693.472473	1.46434	0
695.056213	1.464308	0
696.639832	1.464277	0
698.223389	1.464246	0
699.806885	1.464215	0
701.390259	1.464184	0
702.973633	1.464154	0
704.556885	1.464124	0
706.140015	1.464094	0
707.723145	1.464064	0
709.306213	1.464034	0
710.889099	1.464005	0
712.471985	1.463975	0
714.05481	1.463946	0
715.637451	1.463917	0
717.220093	1.463889	0
718.802612	1.46386	0
720.385132	1.463832	0
721.967468	1.463804	0
723.549744	1.463776	0
725.131958	1.463748	0
726.714111	1.463721	0
728.296143	1.463693	0
729.878113	1.463666	0
731.459961	1.463639	0
733.041809	1.463612	0
734.623474	1.463586	0
736.205078	1.463559	0
737.786621	1.463533	0
739.368042	1.463507	0
740.949402	1.463481	0
742.530701	1.463455	0
744.111938	1.463429	0
745.692993	1.463404	0
747.273987	1.463379	0
748.854919	1.463353	0
750.43573	1.463328	0
752.016479	1.463304	0
753.597107	1.463279	0
755.177673	1.463254	0
756.758179	1.46323	0
758.338501	1.463206	0
759.918823	1.463182	0
761.498962	1.463158	0
763.079102	1.463134	0
764.659058	1.46311	0
766.239014	1.463087	0
767.818787	1.463064	0
769.39856	1.463041	0
770.978149	1.463017	0
772.557739	1.462995	0
774.137085	1.462972	0
775.716431	1.462949	0
777.295715	1.462927	0
778.874878	1.462904	0
780.453918	1.462882	0
782.032837	1.46286	0
783.611694	1.462838	0
785.19043	1.462816	0
786.769104	1.462795	0
788.347656	1.462773	0
789.926147	1.462752	0
791.504456	1.462731	0
793.082703	1.46271	0
794.660889	1.462689	0
796.238892	1.462668	0
797.816833	1.462647	0
799.394714	1.462626	0
800.972473	1.462606	0
802.55011	1.462585	0
804.127625	1.462565	0
805.705017	1.462545	0
807.282349	1.462525	0
808.859619	1.462505	0
810.436707	1.462485	0
812.013733	1.462466	0
813.590637	1.462446	0
815.167419	1.462427	0
816.744141	1.462407	0
818.320679	1.462388	0
819.897156	1.462369	0
821.473511	1.46235	0
823.049805	1.462331	0
824.625977	1.462312	0
826.201965	1.462294	0
827.777954	1.462275	0
829.353699	1.462257	0
830.929504	1.462238	0
832.505066	1.46222	0
834.080566	1.462202	0
835.655945	1.462184	0
837.23114	1.462166	0
838.806335	1.462148	0
840.381348	1.46213	0
841.956238	1.462113	0
843.531067	1.462095	0
845.105774	1.462078	0
846.680359	1.46206	0
848.254761	1.462043	0
849.829224	1.462026	0
851.403442	1.462009	0
852.977539	1.461992	0
854.551575	1.461975	0
856.125366	1.461958	0
857.699097	1.461942	0
859.272827	1.461925	0
860.846375	1.461909	0
862.419739	1.461892	0
863.993042	1.461876	0
865.566223	1.46186	0
867.139282	1.461844	0
868.712219	1.461828	0
870.284973	1.461812	0
871.857727	1.461796	0
873.430298	1.46178	0
875.002625	1.461765	0
876.575012	1.461749	0
878.147156	1.461733	0
879.719238	1.461718	0
881.291199	1.461703	0
882.863098	1.461687	0
884.434753	1.461672	0
886.006348	1.461657	0
887.577759	1.461642	0
889.149109	1.461627	0
890.720337	1.461612	0
892.291382	1.461598	0
893.862305	1.461583	0
895.433105	1.461568	0
897.003784	1.461554	0
898.574402	1.461539	0
900.144836	1.461525	0
901.715149	1.461511	0
903.285278	1.461496	0
904.855347	1.461482	0
906.425171	1.461468	0
907.994995	1.461454	0
909.564636	1.46144	0
911.134155	1.461426	0
912.703613	1.461413	0
914.272827	1.461399	0
915.84198	1.461385	0
917.41095	1.461372	0
918.979797	1.461358	0
920.548523	1.461345	0
922.117065	1.461331	0
923.685547	1.461318	0
925.253906	1.461305	0
926.822083	1.461292	0
928.390137	1.461279	0
929.958008	1.461266	0
931.525757	1.461253	0
933.093445	1.46124	0
934.66095	1.461227	0
936.228333	1.461214	0
937.795532	1.461202	0
939.36261	1.461189	0
940.929504	1.461176	0
942.496277	1.461164	0
944.062988	1.461151	0
945.629517	1.461139	0
947.195923	1.461127	0
948.762085	1.461115	0
950.328247	1.461102	0
951.894165	1.46109	0
953.459961	1.461078	0
955.025696	1.461066	0
956.591187	1.461054	0
958.156555	1.461042	0
959.721802	1.46103	0
961.286926	1.461019	0
962.851868	1.461007	0
964.416687	1.460995	0
965.981323	1.460984	0
967.545776	1.460972	0
969.110168	1.460961	0
970.674438	1.460949	0
972.238464	1.460938	0
973.802429	1.460927	0
975.366211	1.460915	0
976.92981	1.460904	0
978.493286	1.460893	0
980.056641	1.460882	0
981.619812	1.460871	0
983.1828	1.46086	0
984.745728	1.460849	0
986.308411	1.460838	0
987.870972	1.460827	0
989.433411	1.460817	0
990.995728	1.460806	0
992.5578	1.460795	0
994.119812	1.460785	0
995.681641	1.460774	0
997.243286	1.460763	0
998.80481	1.460753	0
1011.88562	1.460667	0
1015.277466	1.460646	0
1018.669617	1.460624	0
1022.062195	1.460603	0
1025.455078	1.460582	0
1028.848389	1.460561	0
1032.241943	1.46054	0
1035.635864	1.46052	0
1039.030029	1.4605	0
1042.424805	1.460479	0
1045.819702	1.46046	0
1049.215088	1.46044	0
1052.61084	1.46042	0
1056.006836	1.460401	0
1059.403198	1.460382	0
1062.800049	1.460363	0
1066.197144	1.460344	0
1069.594482	1.460326	0
1072.992432	1.460307	0
1076.390503	1.460289	0
1079.789063	1.460271	0
1083.187866	1.460253	0
1086.587158	1.460235	0
1089.986694	1.460218	0
1093.386597	1.4602	0
1096.786865	1.460183	0
1100.1875	1.460166	0
1103.588501	1.460149	0
1106.989746	1.460132	0
1110.391357	1.460116	0
1113.793457	1.460099	0
1117.195801	1.460083	0
1120.598511	1.460067	0
1124.001587	1.460051	0
1127.405029	1.460035	0
1130.808838	1.460019	0
1134.212891	1.460003	0
1137.61731	1.459988	0
1141.022217	1.459973	0
1144.427246	1.459957	0
1147.832764	1.459942	0
1151.238647	1.459928	0
1154.644775	1.459913	0
1158.051392	1.459898	0
1161.458252	1.459883	0
1164.865479	1.459869	0
1168.273193	1.459855	0
1171.68103	1.459841	0
1175.089355	1.459827	0
1178.498047	1.459813	0
1181.906982	1.459799	0
1185.316284	1.459785	0
1188.725952	1.459772	0
1192.135986	1.459758	0
1195.546387	1.459745	0
1198.957153	1.459731	0
1202.368286	1.459718	0
1205.779663	1.459705	0
1209.191406	1.459692	0
1212.603516	1.45968	0
1216.015991	1.459667	0
1219.428833	1.459654	0
1222.841919	1.459642	0
1226.255493	1.45963	0
1229.669189	1.459617	0
1233.083496	1.459605	0
1236.498047	1.459593	0
1239.912842	1.459581	0
1243.328125	1.459569	0
1246.743652	1.459557	0
1250.159546	1.459546	0
1253.575928	1.459534	0
1256.992432	1.459522	0
1260.409424	1.459511	0
1263.826782	1.4595	0
1267.244385	1.459489	0
1270.662354	1.459477	0
1274.080688	1.459466	0
1277.49939	1.459455	0
1280.918335	1.459445	0
1284.337769	1.459434	0
1287.757568	1.459423	0
1291.17749	1.459412	0
1294.5979	1.459402	0
1298.018677	1.459391	0
1301.439697	1.459381	0
1304.861206	1.459371	0
1308.282959	1.45936	0
1311.705078	1.45935	0
1315.127563	1.45934	0
1318.550415	1.45933	0
1321.973511	1.45932	0
1325.396973	1.459311	0
1328.820801	1.459301	0
1332.244995	1.459291	0
1335.669556	1.459281	0
1339.094482	1.459272	0
1342.519653	1.459262	0
1345.945068	1.459253	0
1349.370972	1.459244	0
1352.797241	1.459234	0
1356.223877	1.459225	0
1359.650757	1.459216	0
1363.078003	1.459207	0
1366.505615	1.459198	0
1369.933594	1.459189	0
1373.361816	1.45918	0
1376.790405	1.459172	0
1380.219482	1.459163	0
1383.648682	1.459154	0
1387.078369	1.459146	0
1390.508423	1.459137	0
1393.938721	1.459129	0
1397.369385	1.45912	0
1400.800415	1.459112	0
1404.231689	1.459104	0
1407.663452	1.459095	0
1411.095459	1.459087	0
1414.527832	1.459079	0
1417.960571	1.459071	0
1421.393677	1.459063	0
1424.827026	1.459055	0
1428.260742	1.459047	0
1431.694824	1.459039	0
1435.12915	1.459032	0
1438.563965	1.459024	0
1441.999023	1.459016	0
1445.434448	1.459009	0
1448.870239	1.459001	0
1452.306396	1.458994	0
1455.742798	1.458986	0
1459.179565	1.458979	0
1462.616699	1.458972	0
1466.054199	1.458964	0
1469.491943	1.458957	0
1472.930176	1.45895	0
1476.368652	1.458943	0
1479.807373	1.458935	0
1483.246582	1.458928	0
1486.686035	1.458922	0
1490.125854	1.458915	0
1493.566162	1.458908	0
1497.006592	1.458901	0
1500.44751	1.458894	0
1503.88855	1.458887	0
1507.330078	1.458881	0
1510.771973	1.458874	0
1514.214111	1.458867	0
1517.656616	1.458861	0
1521.099487	1.458854	0
1524.542725	1.458848	0
1527.986328	1.458841	0
1531.430176	1.458835	0
1534.87439	1.458828	0
1538.31897	1.458822	0
1541.763794	1.458816	0
1545.208984	1.458809	0
1548.654541	1.458803	0
1552.100464	1.458797	0
1555.546631	1.458791	0
1558.993286	1.458785	0
1562.440186	1.458779	0
1565.887451	1.458773	0
1569.334961	1.458767	0
1572.782959	1.458761	0
1576.231201	1.458755	0
1579.679688	1.458749	0
1583.128662	1.458744	0
1586.577881	1.458738	0
1590.027466	1.458732	0
1593.477295	1.458726	0
1596.92749	1.458721	0
1600.378174	1.458715	0
1603.829102	1.458709	0
1607.280273	1.458704	0
1610.731934	1.458698	0
1614.183838	1.458693	0
1617.635986	1.458687	0
1621.088623	1.458682	0
1624.541626	1.458677	0
1627.994873	1.458671	0
1631.448486	1.458666	0
1634.902344	1.458661	0
1638.356567	1.458655	0
1641.811157	1.45865	0
1645.265991	1.458645	0
1648.721313	1.45864	0
1652.177002	1.458635	0
1655.632813	1.45863	0
1659.089111	1.458625	0
1662.545654	1.45862	0
1666.002563	1.458615	0
1669.459717	1.45861	0
1672.917358	1.458605	0
1676.375244	1.4586	0
1679.833374	1.458595	0
1683.291992	1.45859	0
1686.750977	1.458585	0
